1941.0 306.0 1950.0 319.0 1921.0 343.0 1911.0 331.0 small-vehicle 0
1978.0 116.0 1967.0 107.0 1997.0 82.0 2005.0 95.0 small-vehicle 1
1319.0 352.0 1169.0 455.0 1220.0 537.0 1374.0 428.0 tennis-court 0
1386.0 445.0 1435.0 521.0 1282.0 623.0 1229.0 548.0 tennis-court 0
1446.0 534.0 1498.0 615.0 1345.0 717.0 1291.0 639.0 tennis-court 0
1955.0 543.0 1363.0 940.0 1586.0 1277.0 2180.0 885.0 soccer-ball-field 0
1629.0 2330.0 1381.0 2494.0 1668.0 2901.0 1919.0 2740.0 soccer-ball-field 0
2632.0 1581.0 1900.0 2080.0 2221.0 2539.0 2939.0 2032.0 soccer-ball-field 0
2422.0 463.0 2494.0 415.0 2614.0 576.0 2538.0 633.0 tennis-court 0
2519.0 395.0 2597.0 339.0 2718.0 506.0 2638.0 560.0 tennis-court 0
2728.0 246.0 2810.0 190.0 2926.0 358.0 2847.0 410.0 tennis-court 0
2622.0 316.0 2704.0 259.0 2825.0 433.0 2744.0 484.0 tennis-court 0
2282.0 582.0 2270.0 564.0 2311.0 541.0 2320.0 561.0 small-vehicle 0
2226.0 503.0 2218.0 483.0 2253.0 464.0 2261.0 484.0 small-vehicle 0
2198.0 456.0 2185.0 440.0 2224.0 418.0 2241.0 433.0 small-vehicle 0
2160.0 392.0 2143.0 374.0 2178.0 353.0 2192.0 374.0 small-vehicle 0
1800.0 166.0 1790.0 154.0 1819.0 135.0 1826.0 144.0 small-vehicle 1
1819.0 176.0 1810.0 165.0 1835.0 144.0 1845.0 157.0 small-vehicle 1
1957.0 85.0 1948.0 72.0 1969.0 53.0 1980.0 62.0 small-vehicle 1
618.0 385.0 121.0 1709.0 850.0 1964.0 1313.0 573.0 ground-track-field 0