2929.0 132.0 2939.0 129.0 2945.0 151.0 2934.0 153.0 small-vehicle 1
1805.0 445.0 1811.0 441.0 1820.0 454.0 1812.0 462.0 small-vehicle 0
2018.0 518.0 2028.0 514.0 2035.0 532.0 2027.0 537.0 small-vehicle 0
2033.0 504.0 2029.0 510.0 2015.0 499.0 2017.0 491.0 small-vehicle 0
2033.0 513.0 2043.0 510.0 2046.0 528.0 2039.0 531.0 small-vehicle 0
2053.0 409.0 2063.0 408.0 2060.0 429.0 2053.0 427.0 small-vehicle 0
2081.0 484.0 2075.0 492.0 2058.0 479.0 2064.0 469.0 small-vehicle 0
2103.0 485.0 2111.0 482.0 2119.0 498.0 2110.0 501.0 small-vehicle 0
2113.0 478.0 2124.0 475.0 2130.0 491.0 2123.0 495.0 small-vehicle 0
2082.0 466.0 2087.0 459.0 2104.0 472.0 2097.0 477.0 small-vehicle 0
2126.0 474.0 2134.0 470.0 2142.0 488.0 2132.0 491.0 small-vehicle 0
2111.0 449.0 2121.0 444.0 2130.0 465.0 2119.0 467.0 small-vehicle 0
2080.0 419.0 2091.0 420.0 2087.0 442.0 2080.0 441.0 small-vehicle 0
2064.0 405.0 2075.0 406.0 2072.0 425.0 2063.0 423.0 small-vehicle 0
1793.0 389.0 1802.0 387.0 1809.0 405.0 1799.0 407.0 small-vehicle 0
1784.0 395.0 1793.0 394.0 1799.0 411.0 1790.0 413.0 small-vehicle 0
1774.0 401.0 1782.0 397.0 1788.0 414.0 1779.0 419.0 small-vehicle 0
1763.0 407.0 1771.0 403.0 1776.0 421.0 1768.0 423.0 small-vehicle 0
1825.0 434.0 1832.0 429.0 1843.0 448.0 1833.0 452.0 small-vehicle 0
2020.0 510.0 2014.0 516.0 2000.0 504.0 2005.0 495.0 small-vehicle 0
1996.0 519.0 1990.0 525.0 1976.0 513.0 1979.0 508.0 small-vehicle 0
2010.0 542.0 2002.0 545.0 1995.0 531.0 2003.0 525.0 small-vehicle 0
1893.0 570.0 1889.0 575.0 1873.0 563.0 1875.0 556.0 small-vehicle 0
1699.0 583.0 1709.0 578.0 1714.0 596.0 1706.0 598.0 small-vehicle 0
1789.0 598.0 1796.0 593.0 1811.0 609.0 1803.0 615.0 small-vehicle 0
1841.0 601.0 1851.0 597.0 1858.0 613.0 1850.0 617.0 small-vehicle 0
1811.0 590.0 1820.0 582.0 1832.0 598.0 1825.0 604.0 small-vehicle 0
1883.0 602.0 1874.0 605.0 1865.0 590.0 1875.0 585.0 small-vehicle 0
1870.0 577.0 1868.0 586.0 1851.0 572.0 1858.0 566.0 small-vehicle 0
1902.0 574.0 1910.0 570.0 1920.0 588.0 1909.0 592.0 small-vehicle 0
1907.0 565.0 1901.0 571.0 1887.0 559.0 1891.0 551.0 small-vehicle 0
1984.0 537.0 1992.0 532.0 2003.0 553.0 1995.0 555.0 small-vehicle 0
1914.0 569.0 1925.0 564.0 1931.0 584.0 1923.0 587.0 small-vehicle 0
1924.0 563.0 1936.0 557.0 1944.0 580.0 1934.0 584.0 small-vehicle 0
1955.0 573.0 1947.0 575.0 1940.0 558.0 1948.0 554.0 small-vehicle 0
1941.0 548.0 1936.0 554.0 1921.0 543.0 1924.0 535.0 small-vehicle 0
1948.0 521.0 1956.0 515.0 1976.0 532.0 1968.0 537.0 small-vehicle 0
1961.0 535.0 1957.0 542.0 1942.0 531.0 1945.0 524.0 small-vehicle 0
1971.0 543.0 1983.0 539.0 1991.0 559.0 1982.0 563.0 small-vehicle 0
1814.0 439.0 1823.0 435.0 1832.0 450.0 1823.0 455.0 small-vehicle 0
1792.0 450.0 1800.0 445.0 1811.0 462.0 1802.0 469.0 small-vehicle 0
1755.0 615.0 1761.0 609.0 1775.0 623.0 1768.0 628.0 small-vehicle 0
1782.0 452.0 1790.0 448.0 1799.0 466.0 1792.0 470.0 small-vehicle 0
1769.0 489.0 1773.0 484.0 1788.0 498.0 1784.0 503.0 small-vehicle 0
1758.0 495.0 1763.0 488.0 1778.0 501.0 1774.0 507.0 small-vehicle 0
1747.0 500.0 1748.0 493.0 1764.0 507.0 1760.0 511.0 small-vehicle 0
1736.0 510.0 1742.0 502.0 1756.0 515.0 1752.0 520.0 small-vehicle 0
1840.0 432.0 1848.0 428.0 1855.0 445.0 1847.0 451.0 small-vehicle 0
1864.0 444.0 1857.0 445.0 1849.0 429.0 1856.0 424.0 small-vehicle 0
1857.0 421.0 1866.0 419.0 1872.0 435.0 1865.0 437.0 small-vehicle 0
1890.0 408.0 1899.0 403.0 1907.0 423.0 1898.0 425.0 small-vehicle 0
1878.0 413.0 1888.0 410.0 1898.0 428.0 1889.0 431.0 small-vehicle 0
1918.0 419.0 1910.0 423.0 1901.0 406.0 1910.0 401.0 small-vehicle 0
1911.0 398.0 1920.0 394.0 1929.0 411.0 1920.0 415.0 small-vehicle 0
1922.0 395.0 1931.0 391.0 1939.0 408.0 1930.0 412.0 small-vehicle 0
1828.0 391.0 1819.0 393.0 1813.0 379.0 1822.0 373.0 small-vehicle 0
1841.0 392.0 1833.0 395.0 1825.0 377.0 1834.0 372.0 small-vehicle 0
1853.0 386.0 1843.0 389.0 1835.0 372.0 1844.0 366.0 small-vehicle 0
1863.0 384.0 1856.0 387.0 1846.0 369.0 1856.0 364.0 small-vehicle 0
1873.0 376.0 1863.0 379.0 1857.0 365.0 1865.0 358.0 small-vehicle 0
1784.0 486.0 1788.0 480.0 1804.0 493.0 1798.0 499.0 small-vehicle 0
1818.0 468.0 1822.0 463.0 1838.0 477.0 1833.0 481.0 small-vehicle 0
1827.0 464.0 1831.0 458.0 1850.0 472.0 1843.0 480.0 small-vehicle 0
1955.0 406.0 1961.0 400.0 1980.0 416.0 1978.0 423.0 small-vehicle 0
1773.0 454.0 1779.0 453.0 1790.0 472.0 1782.0 474.0 small-vehicle 0
1763.0 463.0 1771.0 460.0 1779.0 476.0 1769.0 480.0 small-vehicle 0
1751.0 467.0 1760.0 463.0 1768.0 482.0 1759.0 484.0 small-vehicle 0
1745.0 472.0 1751.0 471.0 1757.0 487.0 1749.0 490.0 small-vehicle 0
1733.0 478.0 1739.0 474.0 1747.0 492.0 1741.0 494.0 small-vehicle 0
1722.0 484.0 1730.0 479.0 1738.0 497.0 1730.0 500.0 small-vehicle 0
1712.0 489.0 1721.0 486.0 1726.0 503.0 1719.0 504.0 small-vehicle 0
1943.0 409.0 1948.0 404.0 1965.0 419.0 1960.0 425.0 small-vehicle 0
1839.0 458.0 1844.0 452.0 1861.0 464.0 1855.0 474.0 small-vehicle 0
1921.0 422.0 1929.0 416.0 1944.0 429.0 1938.0 439.0 small-vehicle 0
1910.0 427.0 1915.0 420.0 1930.0 434.0 1926.0 439.0 small-vehicle 0
1897.0 432.0 1904.0 426.0 1919.0 439.0 1915.0 445.0 small-vehicle 0
1885.0 437.0 1892.0 432.0 1907.0 445.0 1900.0 450.0 small-vehicle 0
1875.0 443.0 1880.0 437.0 1898.0 452.0 1892.0 460.0 small-vehicle 0
1862.0 449.0 1869.0 441.0 1885.0 458.0 1879.0 464.0 small-vehicle 0
1847.0 452.0 1855.0 447.0 1869.0 460.0 1862.0 465.0 small-vehicle 0
1755.0 568.0 1765.0 567.0 1763.0 583.0 1755.0 583.0 small-vehicle 0
1745.0 619.0 1751.0 614.0 1766.0 630.0 1758.0 636.0 small-vehicle 0
2964.0 103.0 2975.0 98.0 2982.0 121.0 2971.0 125.0 small-vehicle 1
2092.0 570.0 2082.0 573.0 2073.0 556.0 2082.0 551.0 small-vehicle 0
2509.0 671.0 2521.0 668.0 2524.0 689.0 2514.0 691.0 small-vehicle 0
2490.0 675.0 2500.0 674.0 2502.0 692.0 2494.0 692.0 small-vehicle 0
2466.0 680.0 2478.0 676.0 2482.0 698.0 2470.0 700.0 small-vehicle 0
1977.0 778.0 1972.0 786.0 1959.0 776.0 1963.0 770.0 small-vehicle 0
1981.0 792.0 1980.0 800.0 1959.0 791.0 1961.0 781.0 small-vehicle 0
1989.0 812.0 1981.0 819.0 1963.0 805.0 1967.0 799.0 small-vehicle 0
2029.0 828.0 2031.0 840.0 2004.0 845.0 2001.0 831.0 small-vehicle 0
1928.0 869.0 1927.0 858.0 1944.0 858.0 1945.0 866.0 small-vehicle 0
1908.0 833.0 1908.0 824.0 1927.0 820.0 1930.0 831.0 small-vehicle 0
1904.0 800.0 1903.0 791.0 1923.0 789.0 1922.0 798.0 small-vehicle 0
1902.0 790.0 1900.0 780.0 1921.0 776.0 1923.0 785.0 small-vehicle 0
1899.0 780.0 1897.0 769.0 1918.0 767.0 1921.0 776.0 small-vehicle 0
1951.0 665.0 1955.0 674.0 1929.0 681.0 1925.0 668.0 small-vehicle 0
1587.0 701.0 1597.0 697.0 1605.0 715.0 1596.0 718.0 small-vehicle 0
1555.0 504.0 1548.0 506.0 1539.0 486.0 1549.0 482.0 small-vehicle 0
2448.0 511.0 2443.0 501.0 2456.0 494.0 2462.0 503.0 small-vehicle 1
2071.0 585.0 2063.0 587.0 2055.0 572.0 2060.0 565.0 small-vehicle 0
2516.0 741.0 2506.0 743.0 2501.0 722.0 2511.0 720.0 small-vehicle 0
2523.0 744.0 2531.0 742.0 2534.0 760.0 2526.0 762.0 small-vehicle 0
2546.0 761.0 2537.0 763.0 2533.0 744.0 2543.0 741.0 small-vehicle 0
2667.0 638.0 2675.0 635.0 2679.0 653.0 2673.0 658.0 small-vehicle 0
2071.0 83.0 2065.0 76.0 2077.0 66.0 2085.0 73.0 small-vehicle 0
2062.0 76.0 2057.0 69.0 2070.0 60.0 2077.0 65.0 small-vehicle 0
2058.0 67.0 2052.0 56.0 2064.0 48.0 2072.0 55.0 small-vehicle 1
2052.0 58.0 2044.0 51.0 2060.0 41.0 2066.0 48.0 small-vehicle 0
2700.0 633.0 2710.0 633.0 2710.0 652.0 2700.0 651.0 small-vehicle 0
2700.0 649.0 2693.0 651.0 2689.0 636.0 2697.0 633.0 small-vehicle 0
2692.0 656.0 2680.0 657.0 2679.0 637.0 2688.0 633.0 small-vehicle 0
2653.0 638.0 2662.0 634.0 2668.0 656.0 2659.0 658.0 small-vehicle 0
2542.0 736.0 2532.0 738.0 2528.0 720.0 2536.0 717.0 small-vehicle 0
2623.0 647.0 2632.0 643.0 2635.0 665.0 2625.0 665.0 small-vehicle 0
2611.0 648.0 2622.0 644.0 2623.0 668.0 2616.0 668.0 small-vehicle 0
2603.0 652.0 2611.0 652.0 2613.0 669.0 2605.0 670.0 small-vehicle 0
2566.0 657.0 2578.0 656.0 2579.0 676.0 2569.0 676.0 small-vehicle 0
2557.0 661.0 2565.0 659.0 2567.0 678.0 2560.0 678.0 small-vehicle 0
2546.0 663.0 2555.0 661.0 2557.0 681.0 2549.0 681.0 small-vehicle 0
2608.0 716.0 2617.0 714.0 2621.0 740.0 2612.0 743.0 small-vehicle 0
2084.0 578.0 2075.0 581.0 2066.0 563.0 2072.0 558.0 small-vehicle 0
2104.0 560.0 2095.0 564.0 2089.0 550.0 2097.0 545.0 small-vehicle 0
1766.0 607.0 1774.0 602.0 1789.0 622.0 1780.0 625.0 small-vehicle 0
2182.0 547.0 2173.0 550.0 2164.0 533.0 2172.0 527.0 small-vehicle 0
1796.0 523.0 1804.0 524.0 1803.0 542.0 1794.0 542.0 small-vehicle 0
1771.0 534.0 1779.0 534.0 1775.0 551.0 1768.0 550.0 small-vehicle 0
1760.0 539.0 1768.0 541.0 1767.0 556.0 1759.0 556.0 small-vehicle 0
1748.0 543.0 1758.0 545.0 1760.0 562.0 1749.0 563.0 small-vehicle 0
1771.0 559.0 1781.0 560.0 1779.0 577.0 1769.0 577.0 small-vehicle 0
1784.0 553.0 1793.0 553.0 1790.0 570.0 1780.0 569.0 small-vehicle 0
1793.0 551.0 1804.0 552.0 1803.0 568.0 1792.0 568.0 small-vehicle 0
1820.0 546.0 1827.0 546.0 1825.0 560.0 1817.0 558.0 small-vehicle 1
1808.0 546.0 1817.0 546.0 1814.0 564.0 1805.0 564.0 small-vehicle 0
1854.0 520.0 1864.0 522.0 1859.0 541.0 1851.0 536.0 small-vehicle 0
1830.0 534.0 1840.0 534.0 1839.0 555.0 1829.0 554.0 small-vehicle 0
1867.0 517.0 1877.0 519.0 1874.0 540.0 1866.0 537.0 small-vehicle 0
1912.0 492.0 1904.0 490.0 1907.0 475.0 1916.0 475.0 small-vehicle 0
1946.0 477.0 1936.0 475.0 1939.0 459.0 1945.0 460.0 small-vehicle 0
1933.0 512.0 1924.0 512.0 1924.0 491.0 1935.0 491.0 small-vehicle 0
1968.0 471.0 1957.0 470.0 1960.0 450.0 1971.0 449.0 small-vehicle 0
1776.0 602.0 1783.0 597.0 1795.0 613.0 1790.0 617.0 small-vehicle 0
1826.0 533.0 1819.0 532.0 1821.0 516.0 1829.0 516.0 small-vehicle 0
1841.0 526.0 1832.0 528.0 1832.0 507.0 1841.0 506.0 small-vehicle 0
1852.0 523.0 1843.0 523.0 1843.0 504.0 1852.0 504.0 small-vehicle 0
2000.0 598.0 2010.0 593.0 2021.0 628.0 2011.0 633.0 small-vehicle 0
2156.0 546.0 2164.0 544.0 2170.0 561.0 2161.0 563.0 small-vehicle 0
2156.0 558.0 2148.0 559.0 2141.0 542.0 2150.0 540.0 small-vehicle 0
2143.0 555.0 2136.0 562.0 2128.0 546.0 2134.0 541.0 small-vehicle 0
2134.0 571.0 2127.0 574.0 2120.0 556.0 2127.0 552.0 small-vehicle 0
2049.0 585.0 2059.0 583.0 2066.0 604.0 2055.0 606.0 small-vehicle 0
2022.0 586.0 2034.0 580.0 2046.0 611.0 2036.0 617.0 small-vehicle 0
2010.0 593.0 2021.0 587.0 2032.0 617.0 2023.0 620.0 small-vehicle 0
1988.0 605.0 1999.0 602.0 2007.0 628.0 1998.0 632.0 small-vehicle 0
2058.0 523.0 2050.0 527.0 2041.0 510.0 2049.0 502.0 small-vehicle 0
1977.0 614.0 1988.0 607.0 2002.0 639.0 1993.0 645.0 small-vehicle 0
1939.0 619.0 1948.0 613.0 1957.0 634.0 1948.0 637.0 small-vehicle 0
1927.0 624.0 1935.0 620.0 1943.0 640.0 1932.0 642.0 small-vehicle 0
1912.0 624.0 1922.0 620.0 1929.0 638.0 1920.0 641.0 small-vehicle 0
1897.0 650.0 1907.0 646.0 1913.0 668.0 1904.0 669.0 small-vehicle 0
1876.0 673.0 1868.0 676.0 1859.0 657.0 1868.0 652.0 small-vehicle 0
2070.0 516.0 2061.0 520.0 2053.0 502.0 2058.0 496.0 small-vehicle 0
1752.0 410.0 1760.0 408.0 1766.0 423.0 1758.0 427.0 small-vehicle 0
1741.0 417.0 1749.0 414.0 1755.0 430.0 1746.0 432.0 small-vehicle 0
1731.0 419.0 1740.0 416.0 1747.0 434.0 1736.0 437.0 small-vehicle 0
1553.0 187.0 1558.0 196.0 1541.0 203.0 1534.0 195.0 small-vehicle 0
1703.0 63.0 1695.0 69.0 1663.0 40.0 1676.0 33.0 small-vehicle 0
1627.0 220.0 1636.0 215.0 1645.0 235.0 1637.0 239.0 small-vehicle 0
1615.0 226.0 1627.0 222.0 1634.0 243.0 1624.0 245.0 small-vehicle 0
1608.0 297.0 1618.0 292.0 1622.0 312.0 1615.0 315.0 small-vehicle 0
1603.0 322.0 1596.0 323.0 1588.0 306.0 1593.0 301.0 small-vehicle 0
1550.0 345.0 1541.0 349.0 1533.0 330.0 1544.0 326.0 small-vehicle 0
1537.0 351.0 1527.0 353.0 1520.0 335.0 1529.0 332.0 small-vehicle 0
1567.0 270.0 1569.0 279.0 1552.0 284.0 1548.0 274.0 small-vehicle 0
1554.0 247.0 1558.0 259.0 1544.0 262.0 1541.0 253.0 small-vehicle 1
1515.0 288.0 1519.0 301.0 1494.0 309.0 1491.0 299.0 small-vehicle 0
1484.0 289.0 1491.0 297.0 1476.0 306.0 1471.0 298.0 small-vehicle 0
1503.0 258.0 1507.0 267.0 1491.0 273.0 1485.0 265.0 small-vehicle 0
1524.0 187.0 1529.0 194.0 1512.0 204.0 1506.0 196.0 small-vehicle 0
1536.0 205.0 1542.0 215.0 1523.0 222.0 1519.0 215.0 small-vehicle 0
1565.0 220.0 1569.0 228.0 1553.0 232.0 1550.0 223.0 small-vehicle 0
1571.0 228.0 1576.0 238.0 1558.0 244.0 1553.0 234.0 small-vehicle 0
1561.0 209.0 1566.0 219.0 1550.0 222.0 1547.0 214.0 small-vehicle 0
1936.0 111.0 1950.0 101.0 1976.0 143.0 1962.0 150.0 small-vehicle 0
1765.0 99.0 1773.0 95.0 1783.0 114.0 1775.0 118.0 small-vehicle 0
1605.0 171.0 1615.0 166.0 1620.0 185.0 1612.0 189.0 small-vehicle 0
1782.0 90.0 1790.0 86.0 1799.0 106.0 1791.0 108.0 small-vehicle 0
1668.0 198.0 1678.0 193.0 1686.0 214.0 1676.0 216.0 small-vehicle 0
1657.0 201.0 1665.0 200.0 1673.0 217.0 1662.0 219.0 small-vehicle 0
1643.0 210.0 1651.0 204.0 1664.0 222.0 1657.0 227.0 small-vehicle 0
1826.0 75.0 1829.0 68.0 1845.0 85.0 1841.0 91.0 small-vehicle 0
1815.0 77.0 1823.0 72.0 1830.0 93.0 1820.0 94.0 small-vehicle 0
1803.0 81.0 1813.0 77.0 1820.0 97.0 1814.0 100.0 small-vehicle 0
1795.0 86.0 1802.0 81.0 1810.0 101.0 1802.0 103.0 small-vehicle 0
1752.0 103.0 1760.0 99.0 1768.0 116.0 1761.0 119.0 small-vehicle 0
1626.0 161.0 1636.0 157.0 1641.0 177.0 1632.0 179.0 small-vehicle 0
1743.0 106.0 1750.0 103.0 1758.0 123.0 1750.0 125.0 small-vehicle 0
1732.0 112.0 1739.0 107.0 1749.0 126.0 1740.0 131.0 small-vehicle 0
1721.0 117.0 1729.0 113.0 1736.0 132.0 1726.0 136.0 small-vehicle 0
1701.0 126.0 1709.0 122.0 1719.0 142.0 1711.0 144.0 small-vehicle 0
1690.0 134.0 1699.0 129.0 1707.0 150.0 1698.0 151.0 small-vehicle 0
1658.0 145.0 1668.0 142.0 1672.0 157.0 1665.0 160.0 small-vehicle 0
1646.0 152.0 1654.0 149.0 1663.0 166.0 1654.0 167.0 small-vehicle 0
1558.0 197.0 1565.0 205.0 1547.0 214.0 1543.0 202.0 small-vehicle 0
1548.0 176.0 1555.0 186.0 1535.0 194.0 1531.0 185.0 small-vehicle 0
1721.0 427.0 1730.0 421.0 1737.0 440.0 1727.0 442.0 small-vehicle 0
1521.0 176.0 1524.0 185.0 1507.0 192.0 1503.0 183.0 small-vehicle 0
2574.0 1150.0 2606.0 1257.0 2712.0 1216.0 2671.0 1120.0 plane 0
2638.0 1013.0 2594.0 1119.0 2689.0 1164.0 2745.0 1040.0 plane 0
2520.0 1075.0 2527.0 1195.0 2620.0 1180.0 2601.0 1064.0 plane 0
2469.0 1062.0 2424.0 1168.0 2503.0 1209.0 2559.0 1107.0 plane 0
2390.0 1051.0 2296.0 1153.0 2397.0 1253.0 2496.0 1129.0 plane 0
2191.0 1210.0 2307.0 1222.0 2325.0 1127.0 2210.0 1099.0 plane 0
2117.0 1224.0 2198.0 1386.0 2351.0 1286.0 2235.0 1155.0 plane 0
2892.0 1494.0 2795.0 1454.0 2845.0 1345.0 2944.0 1372.0 plane 0
2745.0 1312.0 2627.0 1312.0 2633.0 1414.0 2750.0 1419.0 plane 0
2748.0 1446.0 2610.0 1405.0 2583.0 1519.0 2722.0 1549.0 plane 0
2434.0 1614.0 2416.0 1525.0 2529.0 1501.0 2543.0 1601.0 plane 0
2336.0 1665.0 2315.0 1571.0 2412.0 1554.0 2437.0 1643.0 plane 0
2236.0 1533.0 2276.0 1670.0 2383.0 1625.0 2345.0 1502.0 plane 0
2140.0 1448.0 2109.0 1595.0 2219.0 1621.0 2261.0 1482.0 plane 0
2025.0 1493.0 1998.0 1607.0 2093.0 1629.0 2126.0 1519.0 plane 0
1841.0 1411.0 1620.0 1618.0 1854.0 1829.0 2064.0 1621.0 plane 0
858.0 1220.0 801.0 1470.0 996.0 1498.0 1053.0 1272.0 plane 0
2707.0 1011.0 2713.0 1221.0 2880.0 1208.0 2850.0 1003.0 plane 0
2798.0 1076.0 2948.0 1124.0 2991.0 996.0 2834.0 939.0 plane 0
3065.0 1285.0 3040.0 1150.0 3198.0 1128.0 3224.0 1266.0 plane 0
1171.0 310.0 1167.0 299.0 1187.0 292.0 1190.0 301.0 small-vehicle 0
1465.0 193.0 1473.0 204.0 1457.0 208.0 1453.0 199.0 small-vehicle 0
1447.0 204.0 1453.0 212.0 1437.0 219.0 1433.0 211.0 small-vehicle 0
1542.0 49.0 1555.0 47.0 1559.0 64.0 1549.0 68.0 small-vehicle 0
1500.0 67.0 1510.0 63.0 1517.0 81.0 1507.0 85.0 small-vehicle 0
1374.0 66.0 1383.0 61.0 1390.0 79.0 1382.0 82.0 small-vehicle 0
1295.0 109.0 1304.0 107.0 1311.0 126.0 1303.0 128.0 small-vehicle 0
1464.0 109.0 1455.0 115.0 1446.0 91.0 1455.0 85.0 small-vehicle 0
1310.0 257.0 1319.0 254.0 1329.0 274.0 1319.0 277.0 small-vehicle 0
2928.0 1462.0 2900.0 1329.0 3064.0 1303.0 3077.0 1439.0 plane 0
1213.0 244.0 1216.0 255.0 1196.0 260.0 1192.0 251.0 small-vehicle 0
1173.0 274.0 1178.0 280.0 1162.0 288.0 1157.0 281.0 small-vehicle 0
577.0 191.0 562.0 183.0 573.0 157.0 588.0 165.0 small-vehicle 0
388.0 154.0 377.0 152.0 369.0 133.0 379.0 123.0 small-vehicle 0
3087.0 1540.0 3043.0 1402.0 3183.0 1380.0 3213.0 1501.0 plane 0
2974.0 1522.0 2956.0 1435.0 3067.0 1413.0 3076.0 1508.0 plane 0
3102.0 1429.0 3079.0 1318.0 3199.0 1301.0 3226.0 1420.0 plane 0
1680.0 195.0 1688.0 193.0 1695.0 210.0 1688.0 212.0 small-vehicle 0
1692.0 191.0 1699.0 189.0 1707.0 205.0 1698.0 208.0 small-vehicle 0
1702.0 188.0 1711.0 180.0 1719.0 199.0 1709.0 205.0 small-vehicle 0
1712.0 179.0 1720.0 176.0 1727.0 194.0 1718.0 198.0 small-vehicle 0
1890.0 347.0 1880.0 347.0 1882.0 329.0 1890.0 329.0 small-vehicle 0
1905.0 367.0 1895.0 370.0 1887.0 353.0 1898.0 348.0 small-vehicle 0
1899.0 344.0 1908.0 342.0 1914.0 357.0 1906.0 361.0 small-vehicle 0
1909.0 342.0 1917.0 336.0 1925.0 354.0 1918.0 357.0 small-vehicle 0
1915.0 337.0 1905.0 334.0 1907.0 315.0 1917.0 315.0 small-vehicle 0
1926.0 332.0 1919.0 334.0 1919.0 315.0 1927.0 312.0 small-vehicle 0
1926.0 330.0 1938.0 326.0 1945.0 347.0 1935.0 351.0 small-vehicle 0
1958.0 343.0 1951.0 346.0 1943.0 330.0 1950.0 325.0 small-vehicle 0
1939.0 325.0 1929.0 324.0 1931.0 305.0 1942.0 304.0 small-vehicle 0
1977.0 330.0 1968.0 335.0 1962.0 317.0 1971.0 313.0 small-vehicle 0
1875.0 284.0 1878.0 277.0 1901.0 293.0 1894.0 299.0 small-vehicle 0
1862.0 285.0 1867.0 278.0 1887.0 294.0 1880.0 302.0 small-vehicle 0
1852.0 294.0 1859.0 287.0 1876.0 302.0 1872.0 309.0 small-vehicle 0
1839.0 300.0 1843.0 291.0 1866.0 307.0 1859.0 315.0 small-vehicle 0
1828.0 306.0 1832.0 298.0 1851.0 311.0 1846.0 317.0 small-vehicle 0
1818.0 314.0 1820.0 306.0 1840.0 315.0 1837.0 323.0 small-vehicle 0
1803.0 316.0 1812.0 309.0 1825.0 323.0 1818.0 331.0 small-vehicle 0
1877.0 354.0 1868.0 351.0 1870.0 331.0 1880.0 331.0 small-vehicle 0
1891.0 370.0 1882.0 370.0 1879.0 352.0 1887.0 349.0 small-vehicle 0
1862.0 357.0 1855.0 355.0 1858.0 336.0 1867.0 337.0 small-vehicle 0
1745.0 414.0 1735.0 414.0 1737.0 390.0 1746.0 390.0 small-vehicle 0
1725.0 442.0 1717.0 446.0 1708.0 431.0 1718.0 425.0 small-vehicle 0
1716.0 445.0 1709.0 449.0 1700.0 434.0 1708.0 429.0 small-vehicle 0
1705.0 451.0 1697.0 455.0 1689.0 438.0 1696.0 432.0 small-vehicle 0
1694.0 432.0 1686.0 431.0 1686.0 413.0 1697.0 413.0 small-vehicle 0
1708.0 427.0 1699.0 427.0 1701.0 408.0 1709.0 408.0 small-vehicle 0
1719.0 424.0 1710.0 421.0 1714.0 400.0 1723.0 400.0 small-vehicle 0
1734.0 419.0 1723.0 417.0 1725.0 396.0 1735.0 397.0 small-vehicle 0
1758.0 404.0 1750.0 405.0 1752.0 386.0 1760.0 384.0 small-vehicle 0
1852.0 366.0 1844.0 362.0 1847.0 344.0 1856.0 344.0 small-vehicle 0
1772.0 403.0 1759.0 402.0 1762.0 381.0 1772.0 381.0 small-vehicle 0
1781.0 396.0 1772.0 395.0 1774.0 377.0 1784.0 377.0 small-vehicle 0
1806.0 386.0 1795.0 388.0 1799.0 365.0 1808.0 366.0 small-vehicle 0
1793.0 392.0 1782.0 392.0 1786.0 369.0 1795.0 368.0 small-vehicle 0
1818.0 377.0 1809.0 376.0 1812.0 356.0 1821.0 356.0 small-vehicle 0
1830.0 373.0 1820.0 373.0 1824.0 352.0 1832.0 352.0 small-vehicle 0
1843.0 371.0 1831.0 369.0 1835.0 349.0 1845.0 348.0 small-vehicle 0
1786.0 322.0 1793.0 317.0 1808.0 328.0 1806.0 334.0 small-vehicle 0
1774.0 329.0 1779.0 322.0 1796.0 335.0 1791.0 343.0 small-vehicle 0
1762.0 333.0 1767.0 328.0 1781.0 339.0 1775.0 345.0 small-vehicle 0
1761.0 184.0 1770.0 181.0 1776.0 198.0 1769.0 199.0 small-vehicle 0
1838.0 207.0 1846.0 204.0 1854.0 222.0 1845.0 222.0 small-vehicle 0
1857.0 198.0 1867.0 194.0 1872.0 213.0 1864.0 217.0 small-vehicle 0
1888.0 183.0 1897.0 178.0 1904.0 198.0 1897.0 202.0 small-vehicle 0
1827.0 159.0 1836.0 153.0 1843.0 176.0 1835.0 177.0 small-vehicle 0
1801.0 163.0 1810.0 159.0 1823.0 182.0 1815.0 184.0 small-vehicle 0
1782.0 172.0 1791.0 167.0 1798.0 187.0 1792.0 192.0 small-vehicle 0
1773.0 178.0 1781.0 174.0 1790.0 191.0 1781.0 194.0 small-vehicle 0
1846.0 150.0 1856.0 145.0 1862.0 164.0 1851.0 169.0 small-vehicle 0
1794.0 225.0 1801.0 220.0 1809.0 239.0 1802.0 241.0 small-vehicle 0
1813.0 138.0 1823.0 132.0 1831.0 151.0 1822.0 154.0 small-vehicle 0
1802.0 139.0 1810.0 135.0 1819.0 154.0 1808.0 156.0 small-vehicle 0
1782.0 146.0 1791.0 142.0 1800.0 161.0 1789.0 165.0 small-vehicle 0
1771.0 152.0 1779.0 146.0 1786.0 165.0 1779.0 165.0 small-vehicle 0
1745.0 165.0 1755.0 163.0 1760.0 183.0 1753.0 183.0 small-vehicle 0
1738.0 170.0 1745.0 167.0 1750.0 185.0 1742.0 189.0 small-vehicle 0
1723.0 173.0 1733.0 168.0 1740.0 189.0 1732.0 190.0 small-vehicle 0
1809.0 222.0 1816.0 218.0 1822.0 234.0 1813.0 237.0 small-vehicle 0
1816.0 217.0 1825.0 212.0 1833.0 230.0 1823.0 231.0 small-vehicle 0
1754.0 341.0 1757.0 333.0 1773.0 347.0 1768.0 354.0 small-vehicle 0
1811.0 294.0 1802.0 297.0 1794.0 278.0 1805.0 273.0 small-vehicle 0
1739.0 347.0 1746.0 339.0 1763.0 352.0 1757.0 360.0 small-vehicle 0
1727.0 352.0 1731.0 344.0 1748.0 360.0 1743.0 366.0 small-vehicle 0
1717.0 359.0 1722.0 352.0 1738.0 366.0 1735.0 374.0 small-vehicle 0
1700.0 361.0 1706.0 355.0 1722.0 368.0 1716.0 376.0 small-vehicle 0
1690.0 369.0 1694.0 361.0 1713.0 378.0 1705.0 382.0 small-vehicle 0
1675.0 377.0 1678.0 369.0 1698.0 382.0 1693.0 388.0 small-vehicle 0
1660.0 381.0 1664.0 373.0 1683.0 387.0 1676.0 393.0 small-vehicle 0
1820.0 290.0 1812.0 294.0 1804.0 276.0 1811.0 270.0 small-vehicle 0
1891.0 234.0 1899.0 231.0 1910.0 251.0 1899.0 255.0 small-vehicle 0
1830.0 286.0 1821.0 289.0 1814.0 271.0 1822.0 266.0 small-vehicle 0
1850.0 275.0 1841.0 280.0 1830.0 263.0 1842.0 256.0 small-vehicle 0
1867.0 271.0 1858.0 273.0 1852.0 254.0 1859.0 248.0 small-vehicle 0
1880.0 266.0 1870.0 267.0 1861.0 248.0 1869.0 243.0 small-vehicle 0
1873.0 243.0 1882.0 238.0 1890.0 260.0 1880.0 262.0 small-vehicle 0
1921.0 220.0 1930.0 216.0 1937.0 235.0 1929.0 239.0 small-vehicle 0
1900.0 229.0 1911.0 225.0 1917.0 244.0 1910.0 251.0 small-vehicle 0
2079.0 91.0 2072.0 84.0 2084.0 75.0 2092.0 79.0 small-vehicle 0
2091.0 109.0 2085.0 105.0 2099.0 90.0 2105.0 95.0 small-vehicle 0
2097.0 118.0 2089.0 108.0 2102.0 99.0 2112.0 106.0 small-vehicle 0
3428.0 307.0 3426.0 300.0 3446.0 296.0 3450.0 303.0 small-vehicle 0
3284.0 230.0 3287.0 242.0 3264.0 245.0 3263.0 238.0 small-vehicle 0
3276.0 210.0 3281.0 220.0 3264.0 224.0 3258.0 214.0 small-vehicle 0
3277.0 197.0 3282.0 208.0 3262.0 212.0 3255.0 201.0 small-vehicle 0
3270.0 169.0 3272.0 180.0 3254.0 184.0 3250.0 173.0 small-vehicle 0
3271.0 181.0 3275.0 191.0 3255.0 192.0 3253.0 184.0 small-vehicle 0
3267.0 159.0 3272.0 169.0 3254.0 171.0 3251.0 164.0 small-vehicle 0
3288.0 143.0 3292.0 154.0 3274.0 156.0 3270.0 146.0 small-vehicle 0
3262.0 139.0 3265.0 147.0 3248.0 151.0 3246.0 143.0 small-vehicle 0
3260.0 128.0 3264.0 139.0 3246.0 141.0 3245.0 129.0 small-vehicle 0
3259.0 117.0 3262.0 126.0 3242.0 131.0 3239.0 123.0 small-vehicle 0
3265.0 125.0 3262.0 113.0 3283.0 111.0 3286.0 121.0 small-vehicle 0
3340.0 127.0 3338.0 116.0 3360.0 116.0 3360.0 127.0 small-vehicle 0
3343.0 152.0 3344.0 166.0 3321.0 166.0 3318.0 155.0 small-vehicle 0
3336.0 111.0 3337.0 121.0 3317.0 125.0 3312.0 114.0 small-vehicle 0
3331.0 100.0 3332.0 112.0 3316.0 113.0 3312.0 104.0 small-vehicle 0
3356.0 195.0 3353.0 183.0 3374.0 178.0 3377.0 191.0 small-vehicle 0
3377.0 319.0 3379.0 329.0 3359.0 336.0 3356.0 327.0 small-vehicle 0
3293.0 259.0 3291.0 249.0 3311.0 248.0 3314.0 256.0 small-vehicle 0
3297.0 182.0 3299.0 194.0 3279.0 197.0 3275.0 189.0 small-vehicle 0
3297.0 194.0 3301.0 205.0 3283.0 209.0 3279.0 196.0 small-vehicle 0
3332.0 120.0 3336.0 130.0 3314.0 133.0 3312.0 126.0 small-vehicle 0
2943.0 131.0 2951.0 129.0 2954.0 149.0 2946.0 149.0 small-vehicle 0
2947.0 108.0 2957.0 105.0 2962.0 126.0 2953.0 128.0 small-vehicle 0
2778.0 339.0 2773.0 331.0 2788.0 321.0 2793.0 331.0 small-vehicle 0
2933.0 356.0 2922.0 357.0 2918.0 339.0 2928.0 335.0 small-vehicle 0
2920.0 305.0 2910.0 308.0 2906.0 291.0 2914.0 287.0 small-vehicle 0
2908.0 309.0 2899.0 312.0 2895.0 293.0 2905.0 290.0 small-vehicle 0
2917.0 283.0 2908.0 284.0 2904.0 269.0 2913.0 267.0 small-vehicle 0
3381.0 341.0 3384.0 351.0 3359.0 355.0 3356.0 343.0 small-vehicle 0
3302.0 215.0 3305.0 226.0 3284.0 228.0 3280.0 219.0 small-vehicle 0
3328.0 318.0 3329.0 329.0 3307.0 330.0 3306.0 320.0 small-vehicle 0
3316.0 354.0 3312.0 343.0 3331.0 338.0 3333.0 352.0 small-vehicle 0
3235.0 336.0 3232.0 328.0 3249.0 325.0 3251.0 335.0 small-vehicle 0
3298.0 314.0 3303.0 324.0 3284.0 328.0 3281.0 319.0 small-vehicle 0
3301.0 301.0 3300.0 291.0 3319.0 288.0 3322.0 299.0 small-vehicle 0
3296.0 284.0 3296.0 293.0 3272.0 297.0 3272.0 287.0 small-vehicle 0
3286.0 263.0 3290.0 272.0 3269.0 271.0 3268.0 263.0 small-vehicle 0
3452.0 325.0 3456.0 337.0 3434.0 337.0 3432.0 327.0 small-vehicle 0
3420.0 273.0 3418.0 266.0 3434.0 261.0 3438.0 271.0 small-vehicle 0
3092.0 386.0 3089.0 377.0 3112.0 376.0 3111.0 385.0 small-vehicle 0
3414.0 255.0 3413.0 243.0 3434.0 244.0 3436.0 251.0 small-vehicle 0
3215.0 258.0 3218.0 269.0 3202.0 270.0 3199.0 262.0 small-vehicle 0
3213.0 246.0 3216.0 258.0 3199.0 260.0 3194.0 253.0 small-vehicle 0
3218.0 255.0 3219.0 245.0 3240.0 243.0 3243.0 253.0 small-vehicle 0
3217.0 245.0 3217.0 234.0 3237.0 231.0 3237.0 241.0 small-vehicle 0
3211.0 214.0 3208.0 204.0 3225.0 203.0 3228.0 212.0 small-vehicle 0
3209.0 203.0 3205.0 192.0 3228.0 190.0 3229.0 200.0 small-vehicle 0
3223.0 176.0 3226.0 188.0 3208.0 191.0 3203.0 181.0 small-vehicle 0
3164.0 164.0 3162.0 152.0 3184.0 150.0 3183.0 162.0 small-vehicle 0
3135.0 207.0 3131.0 198.0 3149.0 194.0 3152.0 201.0 small-vehicle 0
3153.0 204.0 3156.0 213.0 3138.0 216.0 3136.0 210.0 small-vehicle 0
3129.0 209.0 3132.0 221.0 3109.0 227.0 3106.0 217.0 small-vehicle 0
3139.0 239.0 3138.0 229.0 3158.0 228.0 3160.0 236.0 small-vehicle 0
3120.0 264.0 3118.0 255.0 3136.0 252.0 3138.0 262.0 small-vehicle 0
3179.0 321.0 3180.0 330.0 3157.0 335.0 3154.0 325.0 small-vehicle 0
3156.0 335.0 3155.0 349.0 3135.0 349.0 3135.0 337.0 small-vehicle 0
3187.0 362.0 3187.0 374.0 3167.0 375.0 3167.0 366.0 small-vehicle 0
3170.0 386.0 3166.0 376.0 3190.0 375.0 3189.0 383.0 small-vehicle 0
3203.0 197.0 3204.0 207.0 3181.0 207.0 3181.0 199.0 small-vehicle 0
3121.0 172.0 3120.0 163.0 3135.0 159.0 3136.0 169.0 small-vehicle 0
3144.0 167.0 3140.0 156.0 3158.0 155.0 3162.0 166.0 small-vehicle 0
3598.0 89.0 3591.0 99.0 3578.0 90.0 3582.0 80.0 small-vehicle 0
3451.0 204.0 3456.0 217.0 3436.0 219.0 3433.0 210.0 small-vehicle 0
3446.0 184.0 3450.0 193.0 3432.0 199.0 3427.0 191.0 small-vehicle 0
3423.0 188.0 3428.0 200.0 3406.0 204.0 3404.0 192.0 small-vehicle 0
3403.0 181.0 3400.0 169.0 3420.0 168.0 3420.0 178.0 small-vehicle 0
3412.0 136.0 3415.0 145.0 3396.0 150.0 3391.0 140.0 small-vehicle 0
3403.0 82.0 3406.0 92.0 3386.0 97.0 3382.0 89.0 small-vehicle 0
3430.0 101.0 3436.0 113.0 3415.0 116.0 3411.0 106.0 small-vehicle 0
3587.0 100.0 3583.0 105.0 3571.0 97.0 3574.0 91.0 small-vehicle 1
3231.0 317.0 3229.0 307.0 3250.0 307.0 3250.0 316.0 small-vehicle 0
3582.0 110.0 3576.0 117.0 3561.0 103.0 3565.0 96.0 small-vehicle 0
3524.0 307.0 3527.0 319.0 3506.0 319.0 3504.0 308.0 small-vehicle 0
3520.0 294.0 3524.0 305.0 3506.0 307.0 3502.0 298.0 small-vehicle 0
3476.0 80.0 3478.0 92.0 3459.0 94.0 3452.0 86.0 small-vehicle 0
3470.0 69.0 3476.0 81.0 3454.0 84.0 3448.0 75.0 small-vehicle 0
3478.0 78.0 3479.0 65.0 3499.0 65.0 3503.0 75.0 small-vehicle 0
3227.0 321.0 3232.0 328.0 3211.0 334.0 3210.0 322.0 small-vehicle 0
2978.0 146.0 2969.0 148.0 2966.0 128.0 2972.0 126.0 small-vehicle 0
2991.0 140.0 2980.0 146.0 2975.0 127.0 2984.0 125.0 small-vehicle 0
3001.0 141.0 2991.0 144.0 2987.0 126.0 2995.0 124.0 small-vehicle 0
3007.0 121.0 3017.0 117.0 3021.0 136.0 3011.0 139.0 small-vehicle 0
1971.0 769.0 1975.0 762.0 1994.0 777.0 1990.0 781.0 small-vehicle 1
1964.0 738.0 1966.0 731.0 1988.0 745.0 1985.0 751.0 small-vehicle 1
1950.0 551.0 1957.0 548.0 1966.0 569.0 1957.0 572.0 small-vehicle 1
1835.0 578.0 1840.0 571.0 1856.0 584.0 1850.0 591.0 small-vehicle 1
1803.0 385.0 1812.0 381.0 1819.0 399.0 1811.0 402.0 small-vehicle 1
1878.0 509.0 1887.0 509.0 1886.0 528.0 1876.0 528.0 small-vehicle 1
1889.0 505.0 1898.0 505.0 1895.0 530.0 1887.0 529.0 small-vehicle 1
1889.0 483.0 1899.0 485.0 1896.0 503.0 1884.0 502.0 small-vehicle 1
1875.0 485.0 1884.0 485.0 1884.0 508.0 1875.0 508.0 small-vehicle 1
1863.0 489.0 1873.0 489.0 1875.0 510.0 1866.0 510.0 small-vehicle 1
1856.0 492.0 1864.0 492.0 1866.0 516.0 1857.0 517.0 small-vehicle 1
2074.0 490.0 2082.0 486.0 2092.0 510.0 2085.0 513.0 small-vehicle 1
2063.0 497.0 2074.0 492.0 2084.0 514.0 2075.0 518.0 small-vehicle 1
1959.0 371.0 1966.0 366.0 1979.0 390.0 1970.0 392.0 small-vehicle 1
1980.0 363.0 1990.0 360.0 2001.0 382.0 1991.0 385.0 small-vehicle 1
2011.0 350.0 2019.0 345.0 2028.0 365.0 2021.0 368.0 small-vehicle 1
1990.0 301.0 2000.0 297.0 2008.0 315.0 1998.0 319.0 small-vehicle 1
1975.0 787.0 1979.0 780.0 1997.0 793.0 1992.0 797.0 small-vehicle 1
1947.0 757.0 1953.0 750.0 1971.0 763.0 1968.0 769.0 small-vehicle 1
1946.0 743.0 1951.0 734.0 1975.0 753.0 1970.0 761.0 small-vehicle 1
3333.0 217.0 3331.0 209.0 3353.0 205.0 3355.0 214.0 small-vehicle 1
3131.0 327.0 3127.0 319.0 3152.0 311.0 3153.0 320.0 small-vehicle 1
3149.0 297.0 3149.0 289.0 3168.0 286.0 3169.0 294.0 small-vehicle 1
3146.0 279.0 3144.0 270.0 3163.0 266.0 3165.0 276.0 small-vehicle 1
3142.0 259.0 3140.0 251.0 3159.0 246.0 3162.0 254.0 small-vehicle 1
3223.0 284.0 3222.0 276.0 3242.0 271.0 3244.0 279.0 small-vehicle 1
3226.0 293.0 3224.0 286.0 3242.0 281.0 3242.0 289.0 small-vehicle 1
3330.0 209.0 3327.0 200.0 3348.0 195.0 3351.0 203.0 small-vehicle 1
3339.0 239.0 3337.0 230.0 3358.0 225.0 3360.0 234.0 small-vehicle 1
2351.0 580.0 2358.0 581.0 2352.0 604.0 2346.0 603.0 small-vehicle 1
3486.0 227.0 3484.0 219.0 3507.0 213.0 3508.0 223.0 small-vehicle 1
3505.0 199.0 3502.0 190.0 3525.0 184.0 3525.0 194.0 small-vehicle 1
3370.0 274.0 3367.0 266.0 3392.0 260.0 3392.0 269.0 small-vehicle 1
2236.0 71.0 2243.0 65.0 2257.0 81.0 2250.0 87.0 small-vehicle 1
2670.0 211.0 2663.0 204.0 2680.0 187.0 2687.0 193.0 small-vehicle 1
2796.0 364.0 2804.0 362.0 2808.0 381.0 2800.0 383.0 small-vehicle 1
2652.0 436.0 2657.0 444.0 2643.0 458.0 2637.0 452.0 small-vehicle 1
1439.0 324.0 1443.0 333.0 1424.0 341.0 1420.0 332.0 small-vehicle 1
1429.0 301.0 1434.0 311.0 1415.0 320.0 1409.0 313.0 small-vehicle 1
1489.0 236.0 1493.0 245.0 1476.0 253.0 1472.0 244.0 small-vehicle 1
3073.0 97.0 3075.0 107.0 3053.0 111.0 3050.0 101.0 small-vehicle 0
3212.0 67.0 3223.0 66.0 3226.0 88.0 3217.0 89.0 small-vehicle 0
3201.0 73.0 3211.0 70.0 3216.0 93.0 3207.0 93.0 small-vehicle 0
3190.0 76.0 3199.0 75.0 3201.0 95.0 3193.0 95.0 small-vehicle 0
3146.0 81.0 3156.0 77.0 3161.0 100.0 3151.0 102.0 small-vehicle 0
3143.0 61.0 3153.0 59.0 3155.0 78.0 3144.0 80.0 small-vehicle 0
3069.0 74.0 3070.0 85.0 3047.0 91.0 3044.0 79.0 small-vehicle 0
3064.0 62.0 3068.0 73.0 3046.0 77.0 3042.0 69.0 small-vehicle 0
3075.0 108.0 3078.0 119.0 3058.0 124.0 3051.0 114.0 small-vehicle 0
786.0 909.0 778.0 918.0 757.0 902.0 762.0 894.0 large-vehicle 0
3067.0 85.0 3071.0 96.0 3053.0 100.0 3050.0 90.0 small-vehicle 0
2984.0 73.0 2974.0 74.0 2970.0 57.0 2979.0 54.0 small-vehicle 0
2946.0 58.0 2959.0 55.0 2961.0 75.0 2952.0 77.0 small-vehicle 0
2969.0 146.0 2958.0 149.0 2954.0 130.0 2963.0 127.0 small-vehicle 0
2995.0 120.0 2985.0 122.0 2981.0 102.0 2990.0 100.0 small-vehicle 0
3005.0 116.0 2995.0 121.0 2991.0 100.0 2999.0 98.0 small-vehicle 0
3016.0 115.0 3007.0 117.0 3000.0 97.0 3010.0 95.0 small-vehicle 0
3232.0 63.0 3244.0 63.0 3246.0 83.0 3236.0 84.0 small-vehicle 0
1105.0 931.0 1114.0 927.0 1126.0 957.0 1116.0 958.0 large-vehicle 0
1582.0 259.0 1586.0 270.0 1570.0 275.0 1565.0 265.0 small-vehicle 1
1254.0 1038.0 1245.0 1040.0 1241.0 1023.0 1247.0 1019.0 small-vehicle 0
1589.0 175.0 1599.0 170.0 1606.0 190.0 1598.0 193.0 small-vehicle 1
1314.0 1074.0 1311.0 1066.0 1328.0 1059.0 1332.0 1069.0 small-vehicle 0
1426.0 1074.0 1415.0 1076.0 1412.0 1057.0 1420.0 1054.0 small-vehicle 0
1401.0 1080.0 1390.0 1081.0 1387.0 1063.0 1395.0 1059.0 small-vehicle 0
1298.0 1019.0 1288.0 1025.0 1280.0 1006.0 1289.0 1001.0 small-vehicle 0
1286.0 1023.0 1277.0 1028.0 1270.0 1011.0 1277.0 1006.0 small-vehicle 0
1265.0 1032.0 1256.0 1037.0 1249.0 1019.0 1258.0 1014.0 small-vehicle 0
1316.0 911.0 1326.0 912.0 1322.0 937.0 1312.0 935.0 small-vehicle 0
1115.0 923.0 1125.0 917.0 1139.0 949.0 1130.0 951.0 large-vehicle 0
1225.0 1071.0 1234.0 1085.0 1194.0 1101.0 1188.0 1091.0 large-vehicle 0
1530.0 833.0 1519.0 833.0 1512.0 790.0 1526.0 786.0 large-vehicle 0
1410.0 830.0 1399.0 836.0 1382.0 801.0 1394.0 794.0 large-vehicle 0
1395.0 849.0 1384.0 856.0 1364.0 814.0 1379.0 808.0 large-vehicle 0
1266.0 890.0 1253.0 893.0 1243.0 864.0 1255.0 856.0 large-vehicle 0
1188.0 922.0 1180.0 925.0 1167.0 898.0 1177.0 894.0 large-vehicle 0
1196.0 924.0 1203.0 936.0 1172.0 947.0 1166.0 937.0 large-vehicle 0
3097.0 421.0 3094.0 410.0 3115.0 410.0 3117.0 417.0 small-vehicle 0
3080.0 343.0 3079.0 334.0 3100.0 331.0 3105.0 341.0 small-vehicle 0
2100.0 125.0 2095.0 118.0 2111.0 106.0 2120.0 115.0 small-vehicle 0
2525.0 274.0 2533.0 267.0 2552.0 289.0 2542.0 296.0 small-vehicle 0
2745.0 154.0 2752.0 164.0 2735.0 175.0 2727.0 169.0 small-vehicle 0
2730.0 179.0 2737.0 187.0 2725.0 197.0 2717.0 193.0 small-vehicle 0
2711.0 239.0 2720.0 248.0 2707.0 258.0 2699.0 250.0 small-vehicle 0
2707.0 227.0 2716.0 237.0 2701.0 247.0 2694.0 239.0 small-vehicle 0
2699.0 220.0 2708.0 228.0 2689.0 241.0 2682.0 233.0 small-vehicle 0
2627.0 155.0 2621.0 148.0 2637.0 139.0 2643.0 145.0 small-vehicle 0
2619.0 148.0 2613.0 142.0 2626.0 130.0 2634.0 137.0 small-vehicle 0
2615.0 138.0 2609.0 130.0 2620.0 121.0 2626.0 129.0 small-vehicle 1
2607.0 130.0 2602.0 121.0 2615.0 111.0 2622.0 120.0 small-vehicle 0
2601.0 119.0 2594.0 111.0 2608.0 100.0 2616.0 109.0 small-vehicle 0
2590.0 112.0 2584.0 103.0 2599.0 91.0 2609.0 100.0 small-vehicle 0
2578.0 94.0 2570.0 85.0 2584.0 72.0 2592.0 80.0 small-vehicle 0
2571.0 82.0 2565.0 77.0 2577.0 66.0 2583.0 72.0 small-vehicle 0
2562.0 76.0 2556.0 68.0 2568.0 58.0 2576.0 64.0 small-vehicle 0
2545.0 227.0 2553.0 220.0 2567.0 239.0 2558.0 242.0 small-vehicle 0
2568.0 285.0 2577.0 279.0 2588.0 299.0 2580.0 306.0 small-vehicle 0
2557.0 291.0 2562.0 286.0 2579.0 304.0 2572.0 310.0 small-vehicle 0
2705.0 142.0 2712.0 150.0 2697.0 162.0 2690.0 156.0 small-vehicle 0
2678.0 104.0 2684.0 112.0 2667.0 125.0 2663.0 118.0 small-vehicle 0
2683.0 116.0 2690.0 122.0 2676.0 132.0 2669.0 125.0 small-vehicle 0
2754.0 85.0 2762.0 94.0 2744.0 107.0 2737.0 99.0 small-vehicle 0
2730.0 471.0 2719.0 473.0 2718.0 456.0 2725.0 454.0 small-vehicle 0
2717.0 474.0 2707.0 477.0 2705.0 454.0 2715.0 453.0 small-vehicle 0
2708.0 476.0 2698.0 478.0 2696.0 458.0 2704.0 455.0 small-vehicle 0
2696.0 480.0 2686.0 483.0 2684.0 461.0 2693.0 458.0 small-vehicle 0
2686.0 483.0 2677.0 485.0 2673.0 465.0 2684.0 462.0 small-vehicle 0
2652.0 470.0 2646.0 464.0 2661.0 450.0 2668.0 459.0 small-vehicle 0
2685.0 107.0 2679.0 103.0 2693.0 92.0 2700.0 99.0 small-vehicle 0
2787.0 122.0 2795.0 130.0 2776.0 143.0 2769.0 135.0 small-vehicle 0
2640.0 60.0 2647.0 68.0 2631.0 83.0 2626.0 75.0 small-vehicle 0
2764.0 120.0 2758.0 112.0 2768.0 103.0 2778.0 112.0 small-vehicle 1
2746.0 78.0 2753.0 85.0 2738.0 95.0 2732.0 89.0 small-vehicle 0
2653.0 105.0 2647.0 100.0 2659.0 88.0 2666.0 94.0 small-vehicle 0
2645.0 97.0 2640.0 89.0 2654.0 79.0 2663.0 86.0 small-vehicle 0
2679.0 73.0 2687.0 82.0 2672.0 95.0 2663.0 87.0 small-vehicle 0
2666.0 56.0 2670.0 63.0 2655.0 74.0 2651.0 67.0 small-vehicle 0
2630.0 53.0 2639.0 58.0 2625.0 71.0 2618.0 66.0 small-vehicle 0
2545.0 298.0 2553.0 293.0 2567.0 310.0 2559.0 315.0 small-vehicle 0
2622.0 164.0 2630.0 176.0 2609.0 191.0 2600.0 182.0 small-vehicle 0
3079.0 333.0 3078.0 322.0 3097.0 321.0 3101.0 330.0 small-vehicle 0
2593.0 134.0 2597.0 141.0 2582.0 151.0 2578.0 142.0 small-vehicle 0
2250.0 66.0 2256.0 61.0 2269.0 77.0 2261.0 81.0 small-vehicle 0
2231.0 79.0 2239.0 75.0 2253.0 91.0 2246.0 95.0 small-vehicle 0
2425.0 340.0 2434.0 334.0 2445.0 351.0 2438.0 356.0 small-vehicle 0
2267.0 306.0 2275.0 314.0 2261.0 325.0 2254.0 320.0 small-vehicle 0
2252.0 290.0 2260.0 295.0 2248.0 310.0 2240.0 302.0 small-vehicle 0
2248.0 280.0 2256.0 288.0 2240.0 298.0 2233.0 289.0 small-vehicle 0
2167.0 170.0 2172.0 178.0 2157.0 191.0 2151.0 184.0 small-vehicle 0
2220.0 237.0 2228.0 245.0 2209.0 255.0 2206.0 248.0 small-vehicle 0
2184.0 225.0 2176.0 217.0 2190.0 204.0 2198.0 210.0 small-vehicle 0
2178.0 190.0 2183.0 197.0 2169.0 207.0 2165.0 200.0 small-vehicle 0
2143.0 173.0 2139.0 165.0 2151.0 156.0 2156.0 164.0 small-vehicle 0
2139.0 165.0 2135.0 157.0 2147.0 147.0 2152.0 153.0 small-vehicle 0
2133.0 157.0 2126.0 148.0 2137.0 140.0 2144.0 145.0 small-vehicle 1
2126.0 149.0 2118.0 140.0 2133.0 130.0 2139.0 137.0 small-vehicle 0
2125.0 124.0 2133.0 130.0 2119.0 141.0 2112.0 133.0 small-vehicle 0
3444.0 1357.0 3434.0 1360.0 3429.0 1343.0 3438.0 1338.0 small-vehicle 0
2111.0 131.0 2104.0 124.0 2120.0 116.0 2126.0 122.0 small-vehicle 0
2259.0 59.0 2269.0 55.0 2280.0 73.0 2270.0 77.0 small-vehicle 0
2259.0 88.0 2268.0 92.0 2259.0 108.0 2251.0 105.0 small-vehicle 0
2320.0 109.0 2314.0 114.0 2302.0 99.0 2308.0 92.0 small-vehicle 0
2360.0 207.0 2368.0 211.0 2358.0 229.0 2350.0 225.0 small-vehicle 0
2599.0 141.0 2606.0 148.0 2592.0 159.0 2586.0 153.0 small-vehicle 0
2519.0 157.0 2528.0 150.0 2543.0 170.0 2537.0 174.0 small-vehicle 0
2459.0 214.0 2469.0 207.0 2482.0 227.0 2474.0 232.0 small-vehicle 0
2447.0 220.0 2455.0 213.0 2468.0 230.0 2462.0 236.0 small-vehicle 0
2380.0 234.0 2391.0 236.0 2381.0 257.0 2372.0 252.0 small-vehicle 0
2372.0 227.0 2380.0 230.0 2372.0 246.0 2367.0 242.0 small-vehicle 0
2365.0 218.0 2374.0 224.0 2363.0 238.0 2357.0 232.0 small-vehicle 0
2351.0 200.0 2359.0 205.0 2350.0 219.0 2342.0 214.0 small-vehicle 0
2286.0 113.0 2297.0 118.0 2283.0 136.0 2275.0 133.0 small-vehicle 0
2337.0 181.0 2344.0 186.0 2335.0 201.0 2328.0 195.0 small-vehicle 0
2330.0 169.0 2339.0 171.0 2330.0 189.0 2322.0 184.0 small-vehicle 0
2315.0 149.0 2324.0 151.0 2315.0 170.0 2306.0 170.0 small-vehicle 0
2299.0 133.0 2309.0 136.0 2300.0 152.0 2290.0 149.0 small-vehicle 0
2292.0 127.0 2299.0 132.0 2287.0 147.0 2281.0 142.0 small-vehicle 0
2270.0 95.0 2280.0 98.0 2269.0 117.0 2262.0 113.0 small-vehicle 0
2278.0 102.0 2288.0 105.0 2276.0 126.0 2268.0 122.0 small-vehicle 0
2748.0 472.0 2738.0 473.0 2735.0 451.0 2745.0 450.0 small-vehicle 0
2759.0 466.0 2750.0 468.0 2747.0 449.0 2756.0 447.0 small-vehicle 0
2787.0 439.0 2797.0 439.0 2801.0 460.0 2791.0 462.0 small-vehicle 0
2778.0 443.0 2787.0 442.0 2790.0 461.0 2780.0 463.0 small-vehicle 0
2944.0 208.0 2951.0 207.0 2955.0 226.0 2947.0 227.0 small-vehicle 0
2964.0 205.0 2974.0 202.0 2977.0 220.0 2969.0 222.0 small-vehicle 0
2966.0 198.0 2958.0 200.0 2953.0 181.0 2962.0 178.0 small-vehicle 0
2954.0 203.0 2945.0 205.0 2943.0 185.0 2952.0 182.0 small-vehicle 0
2943.0 207.0 2934.0 205.0 2931.0 183.0 2941.0 182.0 small-vehicle 0
2911.0 211.0 2921.0 211.0 2923.0 230.0 2915.0 232.0 small-vehicle 0
2902.0 212.0 2910.0 211.0 2914.0 230.0 2905.0 233.0 small-vehicle 0
2888.0 219.0 2899.0 217.0 2903.0 238.0 2893.0 239.0 small-vehicle 0
2971.0 278.0 2982.0 276.0 2982.0 298.0 2971.0 297.0 small-vehicle 0
2972.0 279.0 2963.0 280.0 2958.0 259.0 2967.0 256.0 small-vehicle 0
2959.0 281.0 2968.0 280.0 2971.0 297.0 2962.0 298.0 small-vehicle 0
2938.0 283.0 2946.0 281.0 2951.0 303.0 2942.0 304.0 small-vehicle 0
2929.0 288.0 2938.0 284.0 2942.0 304.0 2932.0 304.0 small-vehicle 0
2951.0 281.0 2942.0 282.0 2939.0 262.0 2946.0 259.0 small-vehicle 0
2876.0 293.0 2865.0 295.0 2863.0 274.0 2873.0 272.0 small-vehicle 0
2888.0 291.0 2880.0 293.0 2872.0 275.0 2883.0 270.0 small-vehicle 0
2899.0 289.0 2890.0 291.0 2886.0 270.0 2893.0 269.0 small-vehicle 0
2935.0 229.0 2927.0 232.0 2922.0 212.0 2931.0 209.0 small-vehicle 0
2922.0 204.0 2914.0 206.0 2911.0 186.0 2919.0 185.0 small-vehicle 0
2987.0 194.0 2977.0 195.0 2973.0 178.0 2982.0 178.0 small-vehicle 0
3058.0 235.0 3057.0 225.0 3077.0 224.0 3079.0 235.0 small-vehicle 0
3079.0 323.0 3079.0 312.0 3096.0 311.0 3099.0 321.0 small-vehicle 0
3078.0 311.0 3076.0 300.0 3095.0 301.0 3096.0 311.0 small-vehicle 0
3018.0 252.0 3017.0 243.0 3035.0 241.0 3037.0 249.0 small-vehicle 0
3022.0 264.0 3016.0 256.0 3033.0 249.0 3038.0 258.0 small-vehicle 0
3017.0 246.0 3011.0 237.0 3032.0 224.0 3039.0 235.0 small-vehicle 0
3075.0 301.0 3071.0 289.0 3089.0 286.0 3093.0 296.0 small-vehicle 0
3070.0 280.0 3067.0 270.0 3088.0 266.0 3090.0 277.0 small-vehicle 0
3055.0 225.0 3055.0 214.0 3074.0 212.0 3076.0 221.0 small-vehicle 0
2977.0 197.0 2967.0 196.0 2963.0 177.0 2972.0 176.0 small-vehicle 0
3055.0 213.0 3050.0 205.0 3071.0 201.0 3071.0 210.0 small-vehicle 0
3023.0 187.0 3013.0 190.0 3013.0 170.0 3022.0 168.0 small-vehicle 0
3030.0 188.0 3037.0 198.0 3017.0 207.0 3012.0 198.0 small-vehicle 0
3033.0 200.0 3036.0 210.0 3019.0 217.0 3014.0 209.0 small-vehicle 0
3038.0 257.0 3042.0 267.0 3023.0 275.0 3018.0 267.0 small-vehicle 0
3037.0 268.0 3043.0 279.0 3025.0 285.0 3021.0 277.0 small-vehicle 0
3038.0 317.0 3045.0 325.0 3027.0 335.0 3021.0 326.0 small-vehicle 0
2867.0 319.0 2857.0 320.0 2855.0 300.0 2864.0 298.0 small-vehicle 0
2854.0 298.0 2842.0 298.0 2841.0 279.0 2850.0 277.0 small-vehicle 0
2864.0 297.0 2856.0 297.0 2855.0 278.0 2862.0 278.0 small-vehicle 0
2807.0 388.0 2817.0 384.0 2819.0 407.0 2813.0 406.0 small-vehicle 0
2862.0 371.0 2851.0 374.0 2849.0 355.0 2859.0 351.0 small-vehicle 0
2840.0 372.0 2830.0 374.0 2829.0 360.0 2836.0 357.0 small-vehicle 1
2830.0 381.0 2820.0 384.0 2818.0 363.0 2826.0 362.0 small-vehicle 0
2840.0 379.0 2849.0 377.0 2851.0 397.0 2842.0 397.0 small-vehicle 0
2778.0 390.0 2770.0 393.0 2766.0 374.0 2773.0 371.0 small-vehicle 0
2807.0 364.0 2815.0 360.0 2819.0 381.0 2810.0 384.0 small-vehicle 0
2826.0 325.0 2817.0 326.0 2812.0 308.0 2820.0 304.0 small-vehicle 0
2787.0 407.0 2778.0 407.0 2777.0 393.0 2784.0 390.0 small-vehicle 1
2900.0 367.0 2910.0 365.0 2914.0 385.0 2902.0 386.0 small-vehicle 0
2768.0 416.0 2759.0 416.0 2755.0 395.0 2765.0 397.0 small-vehicle 0
2769.0 393.0 2760.0 396.0 2757.0 377.0 2764.0 374.0 small-vehicle 0
2715.0 397.0 2706.0 401.0 2701.0 384.0 2710.0 382.0 small-vehicle 0
2728.0 401.0 2719.0 405.0 2713.0 383.0 2721.0 381.0 small-vehicle 0
2648.0 428.0 2655.0 435.0 2641.0 447.0 2636.0 440.0 small-vehicle 0
2688.0 409.0 2698.0 406.0 2704.0 427.0 2695.0 430.0 small-vehicle 0
2703.0 409.0 2711.0 405.0 2717.0 429.0 2707.0 431.0 small-vehicle 0
2890.0 368.0 2898.0 365.0 2902.0 385.0 2893.0 387.0 small-vehicle 0
2950.0 357.0 2964.0 354.0 2967.0 376.0 2953.0 375.0 small-vehicle 0
2845.0 302.0 2855.0 301.0 2859.0 321.0 2851.0 323.0 small-vehicle 0
2946.0 431.0 2938.0 432.0 2935.0 410.0 2944.0 407.0 small-vehicle 0
2965.0 424.0 2955.0 424.0 2952.0 407.0 2960.0 405.0 small-vehicle 0
2831.0 451.0 2824.0 455.0 2818.0 436.0 2826.0 432.0 small-vehicle 0
2842.0 449.0 2831.0 450.0 2828.0 431.0 2837.0 429.0 small-vehicle 0
2863.0 445.0 2854.0 447.0 2849.0 429.0 2857.0 424.0 small-vehicle 0
2884.0 441.0 2873.0 443.0 2868.0 424.0 2877.0 422.0 small-vehicle 0
2904.0 435.0 2896.0 437.0 2893.0 419.0 2902.0 416.0 small-vehicle 0
2935.0 431.0 2926.0 431.0 2923.0 415.0 2933.0 412.0 small-vehicle 0
2978.0 420.0 2970.0 421.0 2966.0 407.0 2975.0 404.0 small-vehicle 1
2921.0 362.0 2932.0 361.0 2934.0 381.0 2924.0 383.0 small-vehicle 0
2999.0 420.0 2989.0 419.0 2987.0 402.0 2997.0 400.0 small-vehicle 0
3010.0 416.0 3001.0 417.0 2997.0 398.0 3007.0 396.0 small-vehicle 0
3033.0 411.0 3024.0 412.0 3020.0 397.0 3029.0 395.0 small-vehicle 0
2986.0 347.0 2995.0 346.0 2998.0 369.0 2989.0 368.0 small-vehicle 0
2997.0 340.0 2986.0 341.0 2981.0 327.0 2992.0 323.0 small-vehicle 1
2965.0 349.0 2955.0 351.0 2952.0 333.0 2962.0 331.0 small-vehicle 0
2945.0 353.0 2936.0 356.0 2932.0 336.0 2942.0 335.0 small-vehicle 0
804.0 859.0 650.0 799.0 593.0 937.0 773.0 996.0 plane 0